-6.77943e-19
-0.000206775
-0.000342954
-0.000354316
-0.000227907
2.18974e-18
0.000251748
0.000431688
0.000459563
0.000303503
-9.48871e-19
-0.000349497
-0.000608642
-0.000655908
-0.000437212
-1.57364e-18
0.000509094
0.000888798
0.000958662
0.000638722
-1.72041e-18
-0.000740752
-0.00128917
-0.00138538
-0.000919257
8.21938e-18
0.00105657
0.00183016
0.0019574
0.00129263
-2.8751e-18
-0.00147184
-0.00253793
-0.00270242
-0.00177704
3.54278e-18
0.00200732
0.00344845
0.00365915
0.0023983
-4.23714e-18
-0.00269326
-0.00461502
-0.00488572
-0.0031957
4.93151e-18
0.00357715
0.00612247
0.00647608
0.00423377
-5.59919e-18
-0.00473942
-0.0081168
-0.00859469
-0.0056274
6.21453e-18
0.0063287
0.0108734
0.0115583
0.00760299
-6.75388e-18
-0.00865291
-0.0149788
-0.0160624
-0.0106741
7.19651e-18
0.0124651
0.0219315
0.0239723
0.0162956
-7.52542e-18
-0.0202021
-0.0369958
-0.042506
-0.0307896
7.72795e-18
0.0465116
0.100591
0.151152
0.187032
0.2
0.187032
0.151152
0.100591
0.0465116
7.72795e-18
-0.0307896
-0.042506
-0.0369958
-0.0202021
-7.52542e-18
0.0162956
0.0239723
0.0219315
0.0124651
7.19651e-18
-0.0106741
-0.0160624
-0.0149788
-0.00865291
-6.75388e-18
0.00760299
0.0115583
0.0108734
0.0063287
6.21453e-18
-0.0056274
-0.00859469
-0.0081168
-0.00473942
-5.59919e-18
0.00423377
0.00647608
0.00612247
0.00357715
4.93151e-18
-0.0031957
-0.00488572
-0.00461502
-0.00269326
-4.23714e-18
0.0023983
0.00365915
0.00344845
0.00200732
3.54278e-18
-0.00177704
-0.00270242
-0.00253793
-0.00147184
-2.8751e-18
0.00129263
0.0019574
0.00183016
0.00105657
8.21938e-18
-0.000919257
-0.00138538
-0.00128917
-0.000740752
-1.72041e-18
0.000638722
0.000958662
0.000888798
0.000509094
-1.57364e-18
-0.000437212
-0.000655908
-0.000608642
-0.000349497
-9.48871e-19
0.000303503
0.000459563
0.000431688
0.000251748
2.18974e-18
-0.000227907
-0.000354316
-0.000342954
-0.000206775
